Məsafə | Col 1 | Col 2 | Col 3 | Col 4 | Col 5 | Col 6 | Col 7 | Col 8 | Col 9 | Col 10
1-10 | 16.35 | 1.64 | 1.30 | 1.14 | 0.98 | 21.80 | 2.18 | 1.74 | 1.52 | 1.30
11-20 | 47.40 | 4.74 | 3.92 | 3.27 | 3.10 | 63.20 | 6.32 | 5.22 | 4.36 | 4.14
21-30 | 79.95 | 8.00 | 6.69 | 5.38 | 5.05 | 106.60 | 10.66 | 8.92 | 7.18 | 6.74
31-40 | 111.00 | 11.10 | 9.30 | 7.50 | 7.02 | 148.00 | 14.80 | 12.40 | 10.00 | 9.36
41-50 | 143.55 | 14.36 | 11.91 | 9.63 | 9.13 | 191.40 | 19.14 | 15.88 | 12.84 | 12.18
51-60 | 174.60 | 17.46 | 14.52 | 11.75 | 11.10 | 232.80 | 23.28 | 19.36 | 15.66 | 14.80
61-70 | 207.30 | 20.73 | 17.29 | 13.88 | 13.05 | 276.40 | 27.64 | 23.06 | 18.50 | 17.40
71-80 | 238.20 | 23.82 | 19.91 | 15.99 | 15.18 | 317.60 | 31.76 | 26.54 | 21.32 | 20.24
81-90 | 270.90 | 27.09 | 22.52 | 18.12 | 17.13 | 361.20 | 36.12 | 30.02 | 24.16 | 22.84
91-100 | 301.95 | 30.20 | 25.14 | 20.23 | 19.09 | 402.60 | 40.26 | 33.52 | 26.98 | 25.46
101-110 | 331.35 | 33.13 | 27.59 | 22.04 | 20.89 | 441.80 | 44.18 | 36.78 | 29.38 | 27.86
111-120 | 355.80 | 35.58 | 29.70 | 23.82 | 22.52 | 474.40 | 47.44 | 39.60 | 31.76 | 30.02
121-130 | 381.90 | 38.19 | 31.83 | 25.45 | 24.15 | 509.20 | 50.92 | 42.44 | 33.94 | 32.20
131-140 | 408.00 | 40.80 | 33.95 | 27.09 | 25.79 | 544.00 | 54.40 | 45.26 | 36.12 | 34.38
141-150 | 432.45 | 43.24 | 36.06 | 28.89 | 27.42 | 576.60 | 57.66 | 48.08 | 38.52 | 36.56
151-160 | 458.55 | 45.86 | 38.19 | 30.53 | 29.05 | 611.40 | 61.14 | 50.92 | 40.70 | 38.74
161-170 | 483.00 | 48.30 | 40.30 | 32.31 | 30.67 | 644.00 | 64.40 | 53.74 | 43.08 | 40.90
171-180 | 509.25 | 50.93 | 42.44 | 33.95 | 32.31 | 679.00 | 67.90 | 56.58 | 45.26 | 43.08
181-190 | 535.35 | 53.53 | 44.55 | 35.58 | 33.78 | 713.80 | 71.38 | 59.40 | 47.44 | 45.04
191-200 | 559.80 | 55.98 | 46.68 | 37.38 | 35.41 | 746.40 | 74.64 | 62.24 | 49.84 | 47.22
201-210 | 585.90 | 58.59 | 48.80 | 39.00 | 37.05 | 781.20 | 78.12 | 65.06 | 52.00 | 49.40
211-220 | 613.65 | 61.36 | 51.07 | 40.80 | 38.84 | 818.20 | 81.82 | 68.10 | 54.40 | 51.78
221-230 | 639.75 | 63.97 | 53.37 | 42.60 | 40.47 | 853.00 | 85.30 | 71.16 | 56.80 | 53.96
231-240 | 665.85 | 66.59 | 55.48 | 44.38 | 42.27 | 887.80 | 88.78 | 73.98 | 59.18 | 56.36
241-250 | 693.60 | 69.36 | 57.78 | 46.19 | 43.91 | 924.80 | 92.48 | 77.04 | 61.58 | 58.54
251-260 | 719.70 | 71.97 | 60.06 | 47.98 | 45.54 | 959.60 | 95.96 | 80.08 | 63.98 | 60.72
261-270 | 745.80 | 74.58 | 62.18 | 49.77 | 47.33 | 994.40 | 99.44 | 82.90 | 66.36 | 63.10
271-280 | 773.55 | 77.36 | 64.47 | 51.57 | 48.96 | 1031.40 | 103.14 | 85.96 | 68.76 | 65.28
281-290 | 799.65 | 79.97 | 66.75 | 53.37 | 50.59 | 1066.20 | 106.62 | 89.00 | 71.16 | 67.46
291-300 | 827.40 | 82.74 | 68.86 | 55.16 | 52.38 | 1103.20 | 110.32 | 91.82 | 73.54 | 69.84
301-310 | 853.50 | 85.35 | 71.16 | 56.79 | 54.02 | 1138.00 | 113.80 | 94.88 | 75.72 | 72.02
311-320 | 877.95 | 87.80 | 73.28 | 58.59 | 55.65 | 1170.60 | 117.06 | 97.70 | 78.12 | 74.20
321-330 | 904.20 | 90.42 | 75.41 | 60.22 | 57.28 | 1205.60 | 120.56 | 100.54 | 80.30 | 76.38
331-340 | 928.65 | 92.86 | 77.52 | 62.01 | 58.92 | 1238.20 | 123.82 | 103.36 | 82.68 | 78.56
341-350 | 954.75 | 95.47 | 79.64 | 63.64 | 60.54 | 1273.00 | 127.30 | 106.18 | 84.86 | 80.72
351-360 | 980.85 | 98.09 | 81.77 | 65.28 | 62.01 | 1307.80 | 130.78 | 109.02 | 87.04 | 82.68
361-370 | 1005.30 | 100.53 | 83.88 | 67.08 | 63.64 | 1340.40 | 134.04 | 111.84 | 89.44 | 84.86
371-380 | 1031.40 | 103.14 | 86.01 | 68.70 | 65.28 | 1375.20 | 137.52 | 114.68 | 91.60 | 87.04
381-390 | 1055.85 | 105.59 | 88.13 | 70.50 | 66.91 | 1407.80 | 140.78 | 117.50 | 94.00 | 89.22
391-400 | 1081.95 | 108.19 | 90.25 | 72.14 | 68.55 | 1442.60 | 144.26 | 120.34 | 96.18 | 91.40
401-410 | 1106.55 | 110.66 | 92.20 | 73.77 | 70.17 | 1475.40 | 147.54 | 122.94 | 98.36 | 93.56
411-420 | 1131.00 | 113.10 | 94.34 | 75.41 | 71.64 | 1508.00 | 150.80 | 125.78 | 100.54 | 95.52
421-430 | 1155.45 | 115.55 | 96.28 | 77.03 | 73.11 | 1540.60 | 154.06 | 128.38 | 102.70 | 97.48
431-440 | 1179.90 | 117.99 | 98.25 | 78.66 | 74.75 | 1573.20 | 157.32 | 131.00 | 104.88 | 99.66
441-450 | 1202.85 | 120.28 | 100.36 | 80.30 | 76.22 | 1603.80 | 160.38 | 133.82 | 107.06 | 101.62
451-460 | 1227.30 | 122.73 | 102.33 | 81.93 | 77.69 | 1636.40 | 163.64 | 136.44 | 109.24 | 103.58
461-470 | 1251.75 | 125.18 | 104.28 | 83.40 | 79.32 | 1669.00 | 166.90 | 139.04 | 111.20 | 105.76
471-480 | 1276.20 | 127.62 | 106.41 | 85.02 | 80.79 | 1701.60 | 170.16 | 141.88 | 113.36 | 107.72
481-490 | 1300.65 | 130.06 | 108.36 | 86.66 | 82.41 | 1734.20 | 173.42 | 144.48 | 115.54 | 109.88
491-500 | 1325.25 | 132.53 | 110.32 | 88.29 | 83.88 | 1767.00 | 176.70 | 147.10 | 117.72 | 111.84
501-510 | 1348.05 | 134.81 | 112.27 | 89.93 | 85.35 | 1797.40 | 179.74 | 149.70 | 119.90 | 113.80
511-520 | 1370.85 | 137.09 | 114.24 | 91.39 | 86.82 | 1827.80 | 182.78 | 152.32 | 121.86 | 115.76
521-530 | 1393.80 | 139.38 | 116.20 | 92.86 | 88.29 | 1858.40 | 185.84 | 154.94 | 123.82 | 117.72
531-540 | 1416.60 | 141.66 | 117.99 | 94.50 | 89.76 | 1888.80 | 188.88 | 157.32 | 126.00 | 119.68
541-550 | 1439.40 | 143.94 | 119.95 | 95.95 | 91.23 | 1919.20 | 191.92 | 159.94 | 127.94 | 121.64
551-560 | 1462.20 | 146.22 | 121.91 | 97.43 | 92.70 | 1949.60 | 194.96 | 162.54 | 129.90 | 123.60
561-570 | 1485.15 | 148.52 | 123.87 | 99.06 | 94.00 | 1980.20 | 198.02 | 165.16 | 132.08 | 125.34
571-580 | 1507.95 | 150.80 | 125.67 | 100.53 | 95.47 | 2010.60 | 201.06 | 167.56 | 134.04 | 127.30
581-590 | 1530.75 | 153.07 | 127.62 | 102.16 | 96.94 | 2041.00 | 204.10 | 170.16 | 136.22 | 129.26
591-600 | 1553.70 | 155.37 | 129.59 | 103.64 | 98.41 | 2071.60 | 207.16 | 172.78 | 138.18 | 131.22
601-610 | 1578.15 | 157.81 | 131.53 | 105.10 | 99.89 | 2104.20 | 210.42 | 175.38 | 140.14 | 133.18
611-620 | 1600.95 | 160.09 | 133.50 | 106.74 | 101.50 | 2134.60 | 213.46 | 178.00 | 142.32 | 135.34
621-630 | 1625.40 | 162.54 | 135.45 | 108.36 | 102.98 | 2167.20 | 216.72 | 180.60 | 144.48 | 137.30
631-640 | 1650.00 | 165.00 | 137.41 | 110.00 | 104.44 | 2200.00 | 220.00 | 183.22 | 146.66 | 139.26
641-650 | 1672.80 | 167.28 | 139.38 | 111.47 | 105.91 | 2230.40 | 223.04 | 185.84 | 148.62 | 141.22
651-660 | 1697.25 | 169.73 | 141.50 | 113.10 | 107.55 | 2263.00 | 226.30 | 188.66 | 150.80 | 143.40
661-670 | 1720.20 | 172.02 | 143.46 | 114.73 | 109.02 | 2293.60 | 229.36 | 191.28 | 152.98 | 145.36
671-680 | 1744.65 | 174.47 | 145.41 | 116.35 | 110.49 | 2326.20 | 232.62 | 193.88 | 155.14 | 147.32
681-690 | 1769.10 | 176.91 | 147.38 | 117.82 | 111.96 | 2358.80 | 235.88 | 196.50 | 157.10 | 149.28
691-700 | 1791.90 | 179.19 | 149.32 | 119.46 | 113.58 | 2389.20 | 238.92 | 199.10 | 159.28 | 151.44
701-710 | 1814.85 | 181.48 | 151.29 | 120.93 | 114.90 | 2419.80 | 241.98 | 201.72 | 161.24 | 153.20
711-720 | 1836.00 | 183.60 | 152.93 | 122.40 | 116.20 | 2448.00 | 244.80 | 203.90 | 163.20 | 154.94
721-730 | 1855.65 | 185.57 | 154.71 | 123.70 | 117.51 | 2474.20 | 247.42 | 206.28 | 164.94 | 156.68
731-740 | 1876.80 | 187.68 | 156.34 | 125.18 | 118.81 | 2502.40 | 250.24 | 208.46 | 166.90 | 158.42
741-750 | 1897.95 | 189.80 | 158.15 | 126.48 | 120.12 | 2530.60 | 253.06 | 210.86 | 168.64 | 160.16
751-760 | 1917.60 | 191.76 | 159.78 | 127.95 | 121.43 | 2556.80 | 255.68 | 213.04 | 170.60 | 161.90
761-770 | 1938.75 | 193.88 | 161.56 | 129.25 | 122.73 | 2585.00 | 258.50 | 215.42 | 172.34 | 163.64
771-780 | 1960.05 | 196.00 | 163.37 | 130.56 | 124.03 | 2613.40 | 261.34 | 217.82 | 174.08 | 165.38
781-790 | 1979.55 | 197.95 | 165.00 | 132.03 | 125.34 | 2639.40 | 263.94 | 220.00 | 176.04 | 167.12
791-800 | 2000.85 | 200.08 | 166.78 | 133.34 | 126.81 | 2667.80 | 266.78 | 222.38 | 177.78 | 169.08
801-810 | 2020.35 | 202.03 | 168.42 | 134.81 | 127.95 | 2693.80 | 269.38 | 224.56 | 179.74 | 170.60
811-820 | 2040.00 | 204.00 | 170.06 | 135.94 | 129.25 | 2720.00 | 272.00 | 226.74 | 181.26 | 172.34
821-830 | 2059.65 | 205.97 | 171.69 | 137.25 | 130.40 | 2746.20 | 274.62 | 228.92 | 183.00 | 173.86
831-840 | 2079.15 | 207.92 | 173.32 | 138.56 | 131.70 | 2772.20 | 277.22 | 231.10 | 184.74 | 175.60
841-850 | 2098.80 | 209.88 | 174.94 | 139.86 | 132.84 | 2798.40 | 279.84 | 233.26 | 186.48 | 177.12
851-860 | 2118.30 | 211.83 | 176.58 | 141.16 | 134.15 | 2824.40 | 282.44 | 235.44 | 188.22 | 178.86
861-870 | 2137.95 | 213.80 | 178.05 | 142.47 | 135.30 | 2850.60 | 285.06 | 237.40 | 189.96 | 180.40
871-880 | 2157.45 | 215.75 | 179.69 | 143.77 | 136.60 | 2876.60 | 287.66 | 239.58 | 191.70 | 182.14
881-890 | 2177.10 | 217.71 | 181.32 | 145.08 | 137.91 | 2902.80 | 290.28 | 241.76 | 193.44 | 183.88
891-900 | 2195.10 | 219.51 | 182.94 | 146.38 | 139.05 | 2926.80 | 292.68 | 243.92 | 195.18 | 185.40
901-910 | 2214.60 | 221.46 | 184.57 | 147.69 | 140.19 | 2952.80 | 295.28 | 246.10 | 196.92 | 186.92
911-920 | 2232.60 | 223.26 | 186.05 | 148.84 | 141.33 | 2976.80 | 297.68 | 248.06 | 198.46 | 188.44
921-930 | 2250.60 | 225.06 | 187.52 | 149.98 | 142.47 | 3000.80 | 300.08 | 250.02 | 199.98 | 189.96
931-940 | 2268.45 | 226.84 | 189.15 | 151.29 | 143.61 | 3024.60 | 302.46 | 252.20 | 201.72 | 191.48
941-950 | 2286.45 | 228.65 | 190.62 | 152.43 | 144.91 | 3048.60 | 304.86 | 254.16 | 203.24 | 193.22
951-960 | 2304.45 | 230.44 | 192.09 | 153.73 | 146.07 | 3072.60 | 307.26 | 256.12 | 204.98 | 194.76
961-970 | 2323.95 | 232.40 | 193.56 | 154.88 | 147.21 | 3098.60 | 309.86 | 258.08 | 206.50 | 196.28
971-980 | 2341.95 | 234.19 | 195.18 | 156.02 | 148.35 | 3122.60 | 312.26 | 260.24 | 208.02 | 197.80
981-990 | 2359.80 | 235.98 | 196.65 | 157.32 | 149.49 | 3146.40 | 314.64 | 262.20 | 209.76 | 199.32
991-1000 | 2377.80 | 237.78 | 198.12 | 158.46 | 150.63 | 3170.40 | 317.04 | 264.16 | 211.28 | 200.84
